Fuhai 2004/1/29 -13.8 230.7 254.6 25 -20.9 
Fuhai 2005/2/24 -5.9 235.9 258.3 24 -21.2 
Fuhai 2005/2/26 -6.2 229.6 256.5 24 -21.2 
Fuhai 2005/1/22 -11.8 233.9 254.5 23 -23.4 
Fuhai 2005/1/23 -21.7 233.2 253.5 23 -23.4 
Fuhai 2005/2/23 -5.4 227.6 255.5 23 -21.2 
Fuhai 2005/2/27 -4.7 233.5 258.6 23 -21.2 
Fuhai 2005/2/28 -6.3 227.6 255.3 23 -21.2 
Fuhai 2005/3/1 -7.4 236.2 258.5 23 -2.2 
Fuhai 2005/3/2 -6.2 223.4 255.2 23 -2.2 
Fuhai 2004/1/30 -19.3 231 253 22 -20.9 
Fuhai 2004/1/31 -20.4 231.1 252.7 22 -20.9 
Fuhai 2004/2/1 -22.2 229.2 249.6 22 -12.9 
Fuhai 2005/1/25 -23.2 231 253 22 -23.4 
Fuhai 2005/1/26 -25.8 230.9 252.9 22 -23.4 
Fuhai 2005/1/27 -27 227.3 250.8 22 -23.4 
Fuhai 2005/2/14 -13 225.5 253 22 -21.2 
Fuhai 2005/2/15 -16.6 225.1 252.8 22 -21.2 
Fuhai 2005/3/3 -2.6 234.2 257.9 22 -2.2 
Fuhai 2004/2/2 -21.3 230.8 250.5 21 -12.9 
Fuhai 2004/2/3 -20.1 228 250.5 21 -12.9 
Fuhai 2004/2/4 -18.3 230.2 250 21 -12.9 
Fuhai 2004/2/5 -16.3 227.9 250.7 21 -12.9 
Fuhai 2005/1/29 -24.5 226.6 250.1 21 -23.4 
Fuhai 2005/1/30 -24.6 227.7 251.2 21 -23.4 
Fuhai 2005/1/31 -24.5 225 249.9 21 -23.4 
Fuhai 2005/2/1 -23 226.5 250.9 21 -21.2 
Fuhai 2005/2/2 -23.6 229.8 253.2 21 -21.2 
Fuhai 2005/2/3 -23.7 225.4 250.2 21 -21.2 
Fuhai 2005/2/4 -22.3 226.6 251.4 21 -21.2 
Fuhai 2005/2/16 -18.8 220.7 250.2 21 -21.2 
Fuhai 2005/2/17 -21.5 221.3 250.3 21 -21.2 
Fuhai 2005/2/18 -19.2 225.5 251.8 21 -21.2 
Fuhai 2005/2/19 -15.3 224.4 252.5 21 -21.2 
Fuhai 2005/3/4 2.6 234.6 258.2 21 -2.2 
Fuhai 2005/3/5 -3.5 243.9 260.5 21 -2.2 
Fuhai 2004/1/14 -11.4 239.2 257.7 20 -20.9 
Fuhai 2004/2/6 -15.3 230.5 250.9 20 -12.9 
Fuhai 2004/2/8 -11 231.5 253.2 20 -12.9 
Fuhai 2004/2/9 -10.1 233.3 254.6 20 -12.9 
Fuhai 2004/2/10 -5 234 255.2 20 -12.9 
Fuhai 2005/1/3 -12.1 250.4 259 20 -23.4 
Fuhai 2005/1/4 -15.1 248.7 258.5 20 -23.4 
Fuhai 2005/1/5 -16.9 247.8 257.9 20 -23.4 
Fuhai 2005/1/6 -19.7 245.6 255.8 20 -23.4 
Fuhai 2005/1/7 -16.9 245.6 256.6 20 -23.4 
Fuhai 2005/1/9 -15 245.1 257.6 20 -23.4 
Fuhai 2005/2/5 -23.3 225.1 251.1 20 -21.2 
Fuhai 2005/2/6 -20.9 225.8 251 20 -21.2 
Fuhai 2005/2/7 -20.5 223.1 249.9 20 -21.2 
Fuhai 2005/2/8 -20.4 225.4 250 20 -21.2 
Fuhai 2005/2/10 -11.6 226.5 252.6 20 -21.2 
Fuhai 2005/2/13 -7.4 230 256.3 20 -21.2 
Fuhai 2005/2/20 -13.3 225.8 253.4 20 -21.2 
Fuhai 2005/2/21 -11.8 225.7 253.4 20 -21.2 
Fuhai 2005/2/22 -8.9 228.3 256.3 20 -21.2 
Fuhai 2005/3/9 -1.1 222 256.8 20 -2.2 
Fuhai 2005/3/10 -3.1 242.2 261.7 20 -2.2 
Fuhai 2004/1/13 -6 240 258.5 19 -20.9 
Fuhai 2004/1/16 -19.3 235 254.9 19 -20.9 
Fuhai 2004/1/17 -15.3 236.8 255.3 19 -20.9 
Fuhai 2004/1/18 -15.8 233.3 253.7 19 -20.9 
Fuhai 2004/1/19 -18.6 234.6 254.2 19 -20.9 
Fuhai 2004/1/20 -14.3 231.9 253.2 19 -20.9 
Fuhai 2004/1/21 -15 233.4 254 19 -20.9 
Fuhai 2004/1/28 -8.2 233.9 257 19 -20.9 
Fuhai 2004/2/11 -4 238.2 258.2 19 -12.9 
Fuhai 2004/2/12 -2.5 234.4 256.3 19 -12.9 
Fuhai 2004/12/24 -22.1 251.9 257.8 19 -13.0 
Fuhai 2005/1/10 -10.9 246.9 259.4 19 -23.4 
Fuhai 2005/1/11 -13 244.6 257.8 19 -23.4 
Fuhai 2005/1/12 -11.2 244 257.6 19 -23.4 
Fuhai 2005/1/13 -13.4 240.8 255.7 19 -23.4 
Fuhai 2005/1/14 -15.9 240.5 256.5 19 -23.4 
Fuhai 2005/1/20 -12.8 236.6 256 19 -23.4 
Fuhai 2005/1/21 -9.1 237.9 257.7 19 -23.4 
Fuhai 2005/2/11 -11.9 228.7 253.8 19 -21.2 
Fuhai 2005/2/12 -12.1 226.5 253.1 19 -21.2 
Fuhai 2004/1/23 -12.1 231.7 253.3 18 -20.9 
Fuhai 2004/1/24 -8.1 233.8 255.8 18 -20.9 
Fuhai 2004/1/25 -9.2 231.3 254.5 18 -20.9 
Fuhai 2004/1/26 -7.6 234.6 256.1 18 -20.9 
Fuhai 2004/1/27 -7.5 230.2 255.3 18 -20.9 
Fuhai 2004/2/13 -8.2 233.1 255.3 18 -12.9 
Fuhai 2004/12/25 -24 252.3 258.4 18 -13.0 
Fuhai 2005/1/15 -12.4 239 256 18 -23.4 
Fuhai 2005/1/16 -14.6 238.9 255.1 18 -23.4 
Fuhai 2005/1/17 -15.5 238.8 255.4 18 -23.4 
Fuhai 2005/1/18 -17.7 235.4 254.5 18 -23.4 
Fuhai 2005/1/19 -17 237.3 256.4 18 -23.4 
Fuhai 2004/2/15 -4.6 234.6 257.2 17 -12.9 
Fuhai 2004/2/21 -4.8 232.3 255 17 -12.9 
Fuhai 2004/12/26 -19.5 251.7 258.2 17 -13.0 
Fuhai 2004/12/27 -19.3 250.8 258.9 17 -13.0 
Fuhai 2004/12/28 -21 248.4 255.6 17 -13.0 
Fuhai 2004/12/29 -23 247.7 257 17 -13.0 
Fuhai 2004/12/30 -18.5 246.1 254.8 17 -13.0 
Fuhai 2004/12/31 -15.8 248.3 257.5 17 -13.0 
Fuhai 2004/2/25 -7.6 234.2 256.1 16 -12.9 
Fuhai 2004/3/4 -4.4 232.1 256.9 16 -3.8 
Fuhai 2005/1/2 -14.7 247.3 256.3 16 -23.4 
Fuhai 2003/3/6 -5.8 247.7 256.2 15 -6.1 
Fuhai 2003/3/7 -8.3 248.5 257 15 -6.1 
Fuhai 2003/3/9 -3.8 244.2 255.9 15 -6.1 
Fuhai 2003/3/15 -6.5 244 254.6 15 -6.1 
Fuhai 2003/3/16 -8.7 245.9 256.8 15 -6.1 
Fuhai 2004/1/3 -16.5 242 256.7 15 -20.9 
Fuhai 2004/1/4 -19.2 238.8 255.3 15 -20.9 
Fuhai 2004/1/5 -17.8 239.5 255.4 15 -20.9 
Fuhai 2004/1/7 -16.8 237.3 254.6 15 -20.9 
Fuhai 2004/1/8 -17.1 238.5 255.3 15 -20.9 
Fuhai 2003/2/8 -14 247.3 252.2 14 -14.1 
Fuhai 2004/1/2 -14.2 241.7 256.4 14 -20.9 
Fuhai 2004/1/9 -13.6 237.2 254.6 14 -20.9 
Fuhai 2004/1/10 -9.4 239.2 257 14 -20.9 
Fuhai 2004/1/11 -11.8 235.1 254.6 14 -20.9 
Fuhai 2004/1/12 -5.5 241.9 258.7 14 -20.9 
Fuhai 2003/2/10 -14 246.9 250.9 13 -14.1 
Fuhai 2003/2/12 -12.9 246.3 251.1 13 -14.1 
Fuhai 2003/12/16 -16 250.9 258.7 13 -17.4 
Fuhai 2003/12/17 -17.2 248.1 256.5 13 -17.4 
Fuhai 2003/12/18 -13.7 249.2 257.7 13 -17.4 
Fuhai 2003/12/19 -12.9 247.3 256.8 13 -17.4 
Fuhai 2003/12/20 -12.4 247.1 256.7 13 -17.4 
Fuhai 2003/12/24 -11.7 246.4 257.7 13 -17.4 
Fuhai 2003/12/25 -14.1 246 257.1 13 -17.4 
Fuhai 2003/12/26 -18.4 242.7 255.1 13 -17.4 
Fuhai 2003/12/27 -17.1 242.5 255.7 13 -17.4 
Fuhai 2003/12/28 -15.9 240.9 253.8 13 -17.4 
Fuhai 2003/12/29 -16.9 241.4 255.5 13 -17.4 
Fuhai 2003/12/30 -15.3 242.2 255.7 13 -17.4 
Fuhai 2003/12/31 -13.5 240.5 254.7 13 -17.4 
Fuhai 2004/1/1 -13.5 242.8 256.1 13 -20.9 
Fuhai 2004/3/15 -1 212.6 249.8 13 -3.8 
Fuhai 2003/12/15 -13.9 251.7 259 12 -17.4 
Fuhai 2003/12/22 -12 246.4 257.3 12 -17.4 
Fuhai 2003/12/23 -7.3 248.8 259.6 12 -17.4 
Fuhai 2004/3/16 -5.4 225.6 252.8 11 -3.8 
Aletai 2003/1/25 -21.6 221.3 257.1 56 -12.8 
Aletai 2003/1/26 -14.2 220.7 255.8 55 -12.8 
Aletai 2003/1/29 -10.4 221 257.1 54 -12.8 
Aletai 2003/2/23 -3.5 208.5 253.9 54 -12.4 
Aletai 2003/2/26 -7.8 215 256.3 54 -12.4 
Aletai 2003/2/24 -7.7 213.6 256 53 -12.4 
Aletai 2003/2/25 -2.8 208.1 254.1 53 -12.4 
Aletai 2003/2/27 -4.5 211.9 255.5 53 -12.4 
Aletai 2003/2/28 -5.2 214.4 257.1 53 -12.4 
Aletai 2003/3/2 -7.1 206.4 254.9 53 -6.4 
Aletai 2003/3/3 -6.8 209.6 255.2 53 -6.4 
Aletai 2003/3/4 -9.6 202.6 252.7 53 -6.4 
Aletai 2003/3/5 -8.3 209 255 53 -6.4 
Aletai 2003/2/2 -6.1 220 256.8 52 -12.4 
Aletai 2003/3/6 -6.7 204.1 253.6 52 -6.4 
Aletai 2003/3/7 -6.9 207.3 255.2 52 -6.4 
Aletai 2003/2/5 -0.5 219.6 257.1 51 -12.4 
Aletai 2003/2/6 -4.7 222.5 258.4 51 -12.4 
Aletai 2003/3/9 -3.6 208.7 255.1 51 -6.4 
Aletai 2003/3/10 -7.1 211.6 256.2 51 -6.4 
Aletai 2003/3/11 -4.1 207.8 255 51 -6.4 
Aletai 2003/3/12 -7.2 215.9 257.3 51 -6.4 
Aletai 2003/3/13 -9.7 220.5 257.5 51 -6.4 
Aletai 2003/2/7 -10.8 218.3 257.1 50 -12.4 
Aletai 2003/2/8 -17 213.2 255.9 50 -12.4 
Aletai 2003/2/9 -9.6 211.3 253.5 50 -12.4 
Aletai 2003/2/10 -8.6 213 254.5 50 -12.4 
Aletai 2003/2/11 -7.1 211.1 253.6 50 -12.4 
Aletai 2003/2/12 -8.6 214.3 254.9 50 -12.4 
Aletai 2003/2/14 -9.7 211.3 254.7 50 -12.4 
Aletai 2003/2/15 -4.5 215.4 256.7 50 -12.4 
Aletai 2003/2/16 0.6 217.3 257.2 50 -12.4 
Aletai 2003/2/17 1.9 227.3 258.5 50 -12.4 
Aletai 2003/2/18 3.5 212.8 255.8 50 -12.4 
Aletai 2003/2/19 -5.7 212.8 256.6 50 -12.4 
Aletai 2003/2/21 -4.7 217 256.9 50 -12.4 
Aletai 2003/2/22 -1.7 207.7 254.5 50 -12.4 
Aletai 2003/3/14 -7.8 213.1 256.5 50 -6.4 
Aletai 2003/3/15 -11.8 206.2 254.3 50 -6.4 
Aletai 2003/3/16 -6.5 209.3 255.8 50 -6.4 
Aletai 2005/2/23 -3.7 182.2 245.6 50 -18.6 
Aletai 2005/2/24 -6.5 195.5 248.2 50 -18.6 
Aletai 2005/2/26 -3 200.6 250.2 49 -18.6 
Aletai 2005/2/27 -3.2 202.1 252.5 48 -18.6 
Aletai 2005/2/28 -5.5 192.6 248.2 48 -18.6 
Aletai 2004/12/24 -21.7 236.2 259.8 47 -12.2 
Aletai 2005/3/1 -5.5 202.9 251.9 47 -0.6 
Aletai 2005/3/2 2.8 193 249.1 47 -0.6 
Aletai 2005/3/3 4.3 234.2 259 47 -0.6 
Aletai 2004/12/25 -14.5 235.9 258.6 46 -12.2 
Aletai 2004/12/26 -15.8 234 258.2 45 -12.2 
Aletai 2004/12/27 -16 234.1 259.1 45 -12.2 
Aletai 2004/12/28 -21.8 230.6 257.1 44 -12.2 
Aletai 2005/1/5 -14 227.9 257.9 44 -20.2 
Aletai 2005/1/22 -11.2 203.1 254.3 44 -20.2 
Aletai 2005/2/22 -2.5 184.8 247 44 -18.6 
Aletai 2005/1/6 -10.5 224 257.4 43 -20.2 
Aletai 2005/1/23 -18.4 201.9 253.2 43 -20.2 
Aletai 2005/1/25 -26.1 198 251.9 43 -20.2 
Aletai 2005/1/26 -28.2 196.8 252 43 -20.2 
Aletai 2005/1/27 -26.7 193.4 250.6 43 -20.2 
Aletai 2004/12/29 -14.8 231.1 258.5 42 -12.2 
Aletai 2005/1/3 -7.1 228.1 258.6 42 -20.2 
Aletai 2005/1/4 -8 226.7 257.9 42 -20.2 
Aletai 2005/1/7 -9.4 223.4 258 42 -20.2 
Aletai 2005/1/29 -22.7 193 250.3 42 -20.2 
Aletai 2005/1/30 -24 192.6 250 42 -20.2 
Aletai 2005/1/31 -22.4 189 248.9 42 -20.2 
Aletai 2005/2/1 -22.8 190.2 249.1 42 -18.6 
Aletai 2005/2/21 -5.9 180 245.5 42 -18.6 
Aletai 2005/3/5 3.5 246.1 263.1 42 -0.6 
Aletai 2004/12/30 -14.2 228.3 257.5 41 -12.2 
Aletai 2004/12/31 -11.9 229 257.6 41 -12.2 
Aletai 2005/2/3 -14.5 187.5 248.6 41 -18.6 
Aletai 2005/2/4 -22.5 188 249 41 -18.6 
Aletai 2005/2/5 -22.2 184.7 248 41 -18.6 
Aletai 2005/2/6 -15.8 185.5 248.5 41 -18.6 
Aletai 2005/2/7 -16.4 183.8 247.1 41 -18.6 
Aletai 2005/2/8 -13.7 184.5 248 41 -18.6 
Aletai 2005/2/10 -7 185.2 247.2 41 -18.6 
Aletai 2005/2/11 -5.2 186.3 247.7 41 -18.6 
Aletai 2005/2/14 -13.5 182.8 247.1 41 -18.6 
Aletai 2005/2/15 -18.6 182.1 247.2 41 -18.6 
Aletai 2005/2/16 -20.6 177.7 244.6 41 -18.6 
Aletai 2005/2/17 -13.3 178.8 245.4 41 -18.6 
Aletai 2005/2/19 -9.8 179.6 245.9 41 -18.6 
Aletai 2005/1/2 -11.9 227.7 257.9 40 -20.2 
Aletai 2005/1/9 -11 222.2 257.8 40 -20.2 
Aletai 2005/2/12 -7.1 186.2 248.3 40 -18.6 
Aletai 2005/2/13 -9 188.6 249.3 40 -18.6 
Aletai 2005/2/20 -6.8 182.8 246.8 40 -18.6 
Aletai 2005/1/10 -9.4 221.5 258.3 39 -20.2 
Aletai 2005/1/11 -7.8 217.5 257 39 -20.2 
Aletai 2005/1/12 -5.3 220 258.1 39 -20.2 
Aletai 2005/1/13 -7.3 218 257.5 39 -20.2 
Aletai 2005/1/14 -7.5 217.3 257.5 38 -20.2 
Aletai 2005/1/15 -9.6 213 255.2 38 -20.2 
Aletai 2005/1/16 -11.8 211.1 255.8 38 -20.2 
Aletai 2005/3/8 4.3 246.7 262.6 38 -0.6 
Aletai 2004/12/21 -10.3 238.6 259.5 37 -12.2 
Aletai 2005/1/18 -10.5 209.5 254.8 37 -20.2 
Aletai 2005/1/19 -13.9 207.2 254.9 37 -20.2 
Aletai 2005/1/20 -5.7 204.4 253.5 37 -20.2 
Aletai 2005/1/21 -6 205.9 254.3 37 -20.2 
Aletai 2005/3/9 -1.1 199.9 249.2 37 -0.6 
Aletai 2004/1/30 -18.6 196.4 251.5 36 -15.7 
Aletai 2004/12/22 -5.8 238 259.7 36 -12.2 
Aletai 2005/3/15 -0.2 232.6 258.2 36 -0.6 
Aletai 2004/1/29 -13.2 194.6 251.2 35 -15.7 
Aletai 2004/2/1 -19.5 192.8 250.2 34 -11.5 
Aletai 2004/2/2 -18.6 195 250.2 34 -11.5 
Aletai 2004/2/3 -18 190.3 249.4 34 -11.5 
Aletai 2004/2/4 -12.2 196.5 251.2 34 -11.5 
Aletai 2005/3/16 2.2 230.7 256.5 34 -0.6 
Aletai 2004/2/5 -8.6 191.6 250 33 -11.5 
Aletai 2004/2/6 -7 196.8 251.3 32 -11.5 
Aletai 2004/2/8 -2.3 197.7 252.4 32 -11.5 
Aletai 2004/2/12 -0.5 199.4 252.7 32 -11.5 
Aletai 2004/2/13 -1.1 196.1 252.1 32 -11.5 
Aletai 2004/2/14 -4.4 195.7 251.4 32 -11.5 
Aletai 2004/2/15 -5.5 194.4 251.5 32 -11.5 
Aletai 2004/2/17 3.3 243.8 261 32 -11.5 
Aletai 2004/2/18 -1.8 222.7 258.3 32 -11.5 
Aletai 2004/3/1 -7.5 207.2 252 32 -4.3 
Aletai 2004/3/2 -4.9 209.2 253.7 32 -4.3 
Aletai 2004/3/4 0.9 231.4 259.2 32 -4.3 
Aletai 2004/1/28 -5 200.7 253 31 -15.7 
Aletai 2004/2/9 -5 193.7 250.7 31 -11.5 
Aletai 2004/2/11 -5 201.9 252.5 31 -11.5 
Aletai 2004/2/10 -3.1 190.1 249.8 30 -11.5 
Aletai 2004/2/19 -2.6 194.4 250.9 30 -11.5 
Aletai 2004/2/28 -4.2 216 255.1 30 -11.5 
Aletai 2004/2/29 -7 215.4 255.6 30 -11.5 
Aletai 2004/12/17 -4.9 238.2 259.8 30 -12.2 
Aletai 2002/12/19 -10.4 242.5 259.7 29 -14.7 
Aletai 2004/2/20 -1.1 207.5 254.7 29 -11.5 
Aletai 2004/2/21 1.4 201 252.1 29 -11.5 
Aletai 2004/2/24 -4.5 197.2 250.1 29 -11.5 
Aletai 2004/2/25 -4.3 210 253.9 29 -11.5 
Aletai 2004/2/26 -2.6 208.8 253.6 29 -11.5 
Aletai 2004/2/27 -4.2 213.3 254.4 29 -11.5 
Aletai 2004/12/18 -3 242.1 260.7 29 -12.2 
Aletai 2002/12/17 -11.4 244.9 259.7 28 -14.7 
Aletai 2002/12/20 -20.5 241.2 259 28 -14.7 
Aletai 2002/12/21 -17.4 238.8 257.8 28 -14.7 
Aletai 2002/12/22 -12.7 238.7 258.5 28 -14.7 
Aletai 2003/1/15 -2.6 218.2 258.9 28 -12.8 
Aletai 2004/2/22 -4.8 190.7 248.9 28 -11.5 
Aletai 2002/12/23 -11.2 237.1 258.2 27 -14.7 
Aletai 2002/12/24 -11.9 236.5 257.8 27 -14.7 
Aletai 2002/12/31 -11.4 229.1 257.9 27 -14.7 
Aletai 2002/12/25 -9.6 234.5 258.9 26 -14.7 
Aletai 2002/12/26 -9.6 234.6 258.1 26 -14.7 
Aletai 2002/12/28 -11.1 231.7 257.3 26 -14.7 
Aletai 2002/12/29 -14.1 230.6 257.1 26 -14.7 
Aletai 2002/12/30 -7.1 229.4 257.7 26 -14.7 
Aletai 2003/1/1 -19.2 225.2 255.7 26 -12.8 
Aletai 2003/1/13 -6.1 218.5 258.4 26 -12.8 
Aletai 2003/1/14 -2.6 218.5 258.4 26 -12.8 
Aletai 2003/1/2 -9.1 225.3 255.7 25 -12.8 
Aletai 2003/1/4 -9.6 224 256.5 25 -12.8 
Aletai 2003/1/5 -7.8 224.6 257.6 25 -12.8 
Aletai 2003/1/6 -4.2 222.6 256.6 25 -12.8 
Aletai 2003/1/7 -7.7 224.5 257.8 25 -12.8 
Aletai 2004/1/16 -6.9 204.6 254 25 -15.7 
Aletai 2004/1/17 -6.1 206.5 254.5 25 -15.7 
Aletai 2004/3/15 -3.3 205.7 247.2 25 -4.3 
Aletai 2003/1/8 -5.2 220.6 257 24 -12.8 
Aletai 2003/1/9 -5.1 224.7 258 24 -12.8 
Aletai 2003/1/10 -1.3 222.8 258.8 24 -12.8 
Aletai 2003/1/11 -2.7 219.7 257.4 24 -12.8 
Aletai 2004/1/18 -7.2 199.8 253.7 24 -15.7 
Aletai 2004/1/19 -8.7 204.9 253.6 24 -15.7 
Aletai 2004/1/20 -6 200.8 252.5 24 -15.7 
Aletai 2004/1/21 -9 202.9 253.6 24 -15.7 
Aletai 2004/1/23 -5 201.7 254.2 24 -15.7 
Aletai 2004/1/24 -4.6 204.2 254.7 24 -15.7 
Aletai 2004/1/25 -4.6 196.8 252.6 24 -15.7 
Aletai 2004/1/26 -0.2 204.5 254.3 24 -15.7 
Aletai 2004/1/27 -0.7 196.5 252.4 24 -15.7 
Aletai 2004/3/16 0.9 201.7 246 24 -4.3 
Aletai 2004/1/14 -10.1 210 255.3 23 -15.7 
Aletai 2004/3/13 2.3 234.7 256 23 -4.3 
Aletai 2003/12/15 -11.5 245.5 259.9 22 -14.3 
Aletai 2003/12/16 -11 245 259.4 22 -14.3 
Aletai 2003/12/17 -11.6 242.3 258.7 22 -14.3 
Aletai 2003/12/18 -5.4 243.7 259.6 22 -14.3 
Aletai 2003/12/24 -6.8 235.2 259.6 22 -14.3 
Aletai 2004/3/9 0.5 201.1 251.4 22 -4.3 
Aletai 2004/12/5 -6 244.9 259.5 22 -12.2 
Aletai 2004/12/6 -2.8 246.6 260.3 22 -12.2 
Aletai 2003/12/19 -6.1 240.5 259.7 21 -14.3 
Aletai 2003/12/25 -5.4 236.1 260.1 21 -14.3 
Aletai 2003/12/26 -8.8 229.9 258.5 21 -14.3 
Aletai 2003/12/27 -11.4 229.2 257.8 21 -14.3 
Aletai 2003/12/28 -7.6 225.5 256.9 21 -14.3 
Aletai 2004/12/8 -5.3 243.1 260 21 -12.2 
Aletai 2004/12/9 -6 244.4 260.9 21 -12.2 
Aletai 2003/12/20 -5 240.7 259.3 20 -14.3 
Aletai 2003/12/22 -6.6 239.9 259.7 20 -14.3 
Aletai 2003/12/23 -8.2 239.3 261 20 -14.3 
Aletai 2003/12/29 -6.4 227.3 257.9 20 -14.3 
Aletai 2003/12/31 -14.5 221 255.5 20 -14.3 
Aletai 2004/1/1 -7.1 222.8 257.2 20 -15.7 
Aletai 2004/1/2 -12.5 216.8 256 20 -15.7 
Aletai 2004/1/3 -15.9 217.3 255.2 20 -15.7 
Aletai 2004/1/4 -12.5 212.5 254.5 20 -15.7 
Aletai 2004/1/5 -9.7 215.8 255 20 -15.7 
Aletai 2004/1/7 -9 213.2 254.7 20 -15.7 
Aletai 2004/1/8 -7 214.2 256.2 20 -15.7 
Aletai 2004/1/9 -7 209.6 254.7 20 -15.7 
Aletai 2004/1/10 -5.7 214.7 256.7 20 -15.7 
Aletai 2004/1/11 -3 207.2 254.3 20 -15.7 
Aletai 2004/1/12 0.7 214.9 256.5 20 -15.7 
Aletai 2004/1/13 -6.1 208.7 255.7 20 -15.7 
Aletai 2004/12/10 -5.1 241.2 259.5 20 -12.2 
Aletai 2004/12/11 -0.6 241.3 259.9 20 -12.2 
Aletai 2004/12/13 -2 243.1 260.7 20 -12.2 
Aletai 2004/12/14 0.4 242.1 260.1 20 -12.2 
Aletai 2004/11/26 -2.9 249.2 259.5 19 -4.5 
Aletai 2002/11/30 -2.7 250.6 260.2 18 -2.0 
Aletai 2004/11/28 1.9 247.9 259.3 18 -4.5 
Aletai 2002/12/3 -6.3 247.8 257.3 17 -14.7 
Aletai 2002/12/4 -12.1 247.8 258.7 17 -14.7 
Aletai 2002/12/6 -12.8 244.2 257 16 -14.7 
Aletai 2002/12/7 -11.5 245 256.9 16 -14.7 
Aletai 2002/12/8 -4.1 244.8 258.1 16 -14.7 
Aletai 2002/12/9 -5.1 245.3 258.6 16 -14.7 
Aletai 2002/12/10 -4.9 245.2 258.6 16 -14.7 
Aletai 2004/3/28 -4.2 226.4 255 10 -4.3 
Aletai 2004/3/29 0.4 242.8 258.1 9 -4.3 
Fuyun 2005/2/23 -3.8 192.4 246 38 -21.6 
Fuyun 2005/2/24 -6.3 198.3 249.7 36 -21.6 
Fuyun 2005/2/25 -6.7 190.4 246.6 36 -21.6 
Fuyun 2005/2/26 -4.8 195.9 248.6 36 -21.6 
Fuyun 2003/1/21 -9.3 225.5 255.7 35 -16.2 
Fuyun 2004/1/29 -11.4 190.2 248.2 35 -20.1 
Fuyun 2004/1/30 -20 188.1 247.8 35 -20.1 
Fuyun 2004/2/12 -2.7 191.9 248.4 35 -14.7 
Fuyun 2005/2/22 -3.9 193.3 247.3 35 -21.6 
Fuyun 2005/2/28 -4.9 195.8 248.3 35 -21.6 
Fuyun 2005/3/1 -6.1 199.3 249 35 -1.7 
Fuyun 2005/3/2 -0.5 193.5 248.6 35 -1.7 
Fuyun 2003/1/24 -15.5 213 253.5 34 -16.2 
Fuyun 2003/1/25 -19.2 211.1 253.1 34 -16.2 
Fuyun 2004/2/13 -0.6 191.8 250.3 34 -14.7 
Fuyun 2004/3/1 -9.6 190.3 247 34 -5.2 
Fuyun 2005/1/22 -11.5 203.2 250.1 34 -24.0 
Fuyun 2005/1/23 -21.8 202.8 248.5 34 -24.0 
Fuyun 2005/1/24 -21 199.6 247.7 34 -24.0 
Fuyun 2005/1/25 -23.1 201.6 249.4 34 -24.0 
Fuyun 2005/1/27 -28.3 197 246.2 34 -24.0 
Fuyun 2005/1/29 -23.1 193.7 245.7 34 -24.0 
Fuyun 2005/2/21 -8.3 189.8 244.6 34 -21.6 
Fuyun 2003/1/22 -8.9 215.8 256.2 33 -16.2 
Fuyun 2003/1/23 -10.5 216.5 255.6 33 -16.2 
Fuyun 2003/1/26 -17.6 208.5 251.5 33 -16.2 
Fuyun 2003/1/27 -13.2 209.1 253.6 33 -16.2 
Fuyun 2003/1/29 -11.5 207.5 251.9 33 -16.2 
Fuyun 2003/1/30 -5.6 212.7 252.9 33 -16.2 
Fuyun 2003/1/31 -8.9 208 252 33 -16.2 
Fuyun 2003/2/2 -8.5 207 251.7 33 -14.7 
Fuyun 2003/2/3 -5.3 210.2 253.6 33 -14.7 
Fuyun 2004/2/1 -17.3 184.6 246.3 33 -14.7 
Fuyun 2004/2/14 -4.2 189.2 247.9 33 -14.7 
Fuyun 2004/2/15 -6.5 187.7 248.3 33 -14.7 
Fuyun 2004/2/23 -8 186.4 246 33 -14.7 
Fuyun 2004/2/28 -4.9 203 250.5 33 -14.7 
Fuyun 2004/3/2 -5.3 191.5 248.2 33 -5.2 
Fuyun 2005/1/30 -22.5 195.3 245.9 33 -24.0 
Fuyun 2005/1/31 -21.5 191.7 245.3 33 -24.0 
Fuyun 2005/2/1 -21.6 195 245.2 33 -21.6 
Fuyun 2005/2/3 -20.2 192.3 245.1 33 -21.6 
Fuyun 2005/2/4 -21.5 194.2 245.5 33 -21.6 
Fuyun 2005/2/5 -23.3 192.5 244.2 33 -21.6 
Fuyun 2005/2/6 -19.1 191.8 245 33 -21.6 
Fuyun 2005/2/7 -18.6 188.9 243.6 33 -21.6 
Fuyun 2005/2/8 -16.5 190.6 244.9 33 -21.6 
Fuyun 2005/2/9 -13.7 188.3 243.6 33 -21.6 
Fuyun 2005/2/10 -9.9 191.7 245.3 33 -21.6 
Fuyun 2005/2/17 -17.5 187 243.6 33 -21.6 
Fuyun 2003/2/1 -9.8 209.8 253.5 32 -14.7 
Fuyun 2003/2/4 -4.6 207.3 252.3 32 -14.7 
Fuyun 2004/2/2 -16.9 186.9 245.9 32 -14.7 
Fuyun 2004/2/3 -16.7 183.9 245 32 -14.7 
Fuyun 2004/2/29 -6.6 200.2 251.2 32 -14.7 
Fuyun 2004/12/24 -21.3 234.8 256.3 32 -15.1 
Fuyun 2005/2/12 -9.9 194.3 246.5 32 -21.6 
Fuyun 2005/2/13 -10.2 194 247.4 32 -21.6 
Fuyun 2005/2/14 -13.7 189.3 245.9 32 -21.6 
Fuyun 2005/2/15 -19.1 188.6 246.3 32 -21.6 
Fuyun 2005/2/16 -20.9 184.3 242 32 -21.6 
Fuyun 2005/2/19 -11 188.1 244.1 32 -21.6 
Fuyun 2005/2/20 -9.2 189.4 245.4 32 -21.6 
Fuyun 2003/2/5 -3.8 208.3 253.6 31 -14.7 
Fuyun 2003/2/6 -4.4 217.1 253 31 -14.7 
Fuyun 2003/2/8 -15.5 203.5 252.1 31 -14.7 
Fuyun 2003/2/9 -12.1 199.4 249.9 31 -14.7 
Fuyun 2003/2/10 -11.8 199.9 250.4 31 -14.7 
Fuyun 2003/2/11 -10.5 197.2 249 31 -14.7 
Fuyun 2004/2/4 -12.9 184.7 246.5 31 -14.7 
Fuyun 2004/2/5 -9.6 184.6 246 31 -14.7 
Fuyun 2004/2/24 -6.4 189.3 246.3 31 -14.7 
Fuyun 2004/2/27 -4.5 193.7 248.7 31 -14.7 
Fuyun 2004/3/4 -0.7 208.4 253 31 -5.2 
Fuyun 2004/12/26 -17.5 231.9 254.9 31 -15.1 
Fuyun 2005/1/3 -13.2 227.3 254.3 31 -24.0 
Fuyun 2003/2/7 -6.6 205.6 252.2 30 -14.7 
Fuyun 2003/2/12 -10 199.9 250.3 30 -14.7 
Fuyun 2003/2/14 -8.6 200.4 250.6 30 -14.7 
Fuyun 2003/2/26 -7.3 207.7 254 30 -14.7 
Fuyun 2004/2/6 -8.9 186.9 247.4 30 -14.7 
Fuyun 2004/2/7 -7.5 184.8 245.2 30 -14.7 
Fuyun 2004/2/8 -3.4 184.6 247.2 30 -14.7 
Fuyun 2004/2/9 -4.7 193.6 247.9 30 -14.7 
Fuyun 2004/2/18 -2.7 192.1 249.7 30 -14.7 
Fuyun 2004/2/19 -6.7 189.5 248.2 30 -14.7 
Fuyun 2004/2/20 -2.5 190.9 249.9 30 -14.7 
Fuyun 2004/2/21 -2.3 190.5 247.7 30 -14.7 
Fuyun 2004/2/22 -6.3 184.8 246.4 30 -14.7 
Fuyun 2004/2/26 -2.4 198.6 250.8 30 -14.7 
Fuyun 2004/12/27 -18.5 232 255.4 30 -15.1 
Fuyun 2004/12/28 -20.1 229.1 254.6 30 -15.1 
Fuyun 2004/12/29 -20.9 229.2 254 30 -15.1 
Fuyun 2005/1/4 -9.7 223.7 254.5 30 -24.0 
Fuyun 2005/1/5 -12.8 224.2 255.1 30 -24.0 
Fuyun 2005/1/6 -15.6 219.1 252.7 30 -24.0 
Fuyun 2005/1/7 -14.3 221 253.5 30 -24.0 
Fuyun 2005/1/8 -12.2 217.6 252.6 30 -24.0 
Fuyun 2005/1/9 -13.9 219 253.2 30 -24.0 
Fuyun 2003/2/15 -4.3 205.5 252.4 29 -14.7 
Fuyun 2004/2/10 -4.4 189.3 247.9 29 -14.7 
Fuyun 2004/2/11 -4.1 189.2 247.9 29 -14.7 
Fuyun 2004/12/30 -17.9 226.1 252.7 29 -15.1 
Fuyun 2004/12/31 -14.7 227.4 254.1 29 -15.1 
Fuyun 2005/1/2 -13.6 225.5 253.7 29 -24.0 
Fuyun 2005/1/11 -13.2 215.8 252.4 29 -24.0 
Fuyun 2005/1/12 -8.5 218.1 253.1 29 -24.0 
Fuyun 2005/1/13 -10.8 214.4 253 29 -24.0 
Fuyun 2005/1/14 -11.8 214.9 253.2 29 -24.0 
Fuyun 2005/1/15 -10.8 210.1 251.8 29 -24.0 
Fuyun 2005/1/16 -11.9 211.6 252.4 29 -24.0 
Fuyun 2005/1/18 -13.2 207.6 251.6 29 -24.0 
Fuyun 2005/1/19 -13.1 207.8 251.3 29 -24.0 
Fuyun 2005/1/20 -9.4 205.9 250 29 -24.0 
Fuyun 2005/1/21 -9.5 206.7 251.2 29 -24.0 
Fuyun 2003/2/16 -2.9 203.1 251.6 28 -14.7 
Fuyun 2003/2/27 -2.9 196.6 250.3 28 -14.7 
Fuyun 2003/3/2 -7.7 197.8 250.7 28 -6.7 
Fuyun 2004/1/28 -6.5 192.5 250.7 28 -20.1 
Fuyun 2004/12/23 -11.7 236 258 28 -15.1 
Fuyun 2003/2/28 -3.9 202.4 252.5 27 -14.7 
Fuyun 2003/3/3 -6 202.8 252.6 27 -6.7 
Fuyun 2003/3/4 -9 193.4 248.9 27 -6.7 
Fuyun 2003/3/5 -8.9 196.6 250.7 27 -6.7 
Fuyun 2003/3/6 -7.4 195.3 249.6 27 -6.7 
Fuyun 2004/1/14 -9.7 201.6 252.9 27 -20.1 
Fuyun 2003/12/3 -9.2 250.2 258.6 26 -19.0 
Fuyun 2003/12/4 -11.9 250 259.5 26 -19.0 
Fuyun 2003/2/17 0.7 206.9 253.6 25 -14.7 
Fuyun 2003/2/24 -6.9 203.1 252.6 25 -14.7 
Fuyun 2003/3/7 -7.1 197.6 251 25 -6.7 
Fuyun 2003/3/8 -5.5 191.4 248 25 -6.7 
Fuyun 2003/12/1 -13.1 249.2 258.8 25 -19.0 
Fuyun 2003/12/6 -10.5 249 260.2 25 -19.0 
Fuyun 2003/12/8 -10.7 247.1 260.4 25 -19.0 
Fuyun 2003/12/15 -16.8 240.2 259.1 25 -19.0 
Fuyun 2003/12/16 -15.4 239.5 258.2 25 -19.0 
Fuyun 2003/12/24 -13.6 227.8 256.9 25 -19.0 
Fuyun 2003/12/25 -10.2 228.8 257.2 25 -19.0 
Fuyun 2003/12/26 -10.2 224.1 256.2 25 -19.0 
Fuyun 2004/1/16 -12.9 196.2 250.9 25 -20.1 
Fuyun 2004/1/17 -12.3 198.3 251.9 25 -20.1 
Fuyun 2004/1/18 -13 195.6 250.2 25 -20.1 
Fuyun 2004/1/19 -12.1 193.9 250.1 25 -20.1 
Fuyun 2004/1/20 -10.6 192.9 249.3 25 -20.1 
Fuyun 2004/1/21 -11 192.3 250.1 25 -20.1 
Fuyun 2003/2/23 -1.4 202.9 251.6 24 -14.7 
Fuyun 2003/2/25 -5.8 198.3 250.4 24 -14.7 
Fuyun 2003/3/9 -6.8 193.5 249 24 -6.7 
Fuyun 2003/3/10 -6.3 207.7 252.7 24 -6.7 
Fuyun 2003/3/11 -2.9 207.8 252 24 -6.7 
Fuyun 2003/12/9 -7.9 247.7 259.8 24 -19.0 
Fuyun 2003/12/10 -7.7 245.7 259.4 24 -19.0 
Fuyun 2003/12/17 -15.2 236.2 257.8 24 -19.0 
Fuyun 2003/12/18 -11.4 236.6 258.1 24 -19.0 
Fuyun 2003/12/19 -10.9 233.9 258.1 24 -19.0 
Fuyun 2003/12/20 -10.1 233.5 258.2 24 -19.0 
Fuyun 2003/12/21 -9.9 230.3 256.4 24 -19.0 
Fuyun 2003/12/27 -12.9 222.7 256.4 24 -19.0 
Fuyun 2003/12/28 -11.9 219.4 254.8 24 -19.0 
Fuyun 2003/12/29 -9.7 219.4 255.5 24 -19.0 
Fuyun 2003/12/31 -13.3 213.5 253.4 24 -19.0 
Fuyun 2004/1/1 -12.9 215.4 253 24 -20.1 
Fuyun 2004/1/2 -14.3 210.3 252.6 24 -20.1 
Fuyun 2004/1/22 -6.5 190.7 248.7 24 -20.1 
Fuyun 2004/1/23 -6.9 192.9 249.7 24 -20.1 
Fuyun 2004/1/24 -8 196.6 250.3 24 -20.1 
Fuyun 2004/1/25 -7.7 190.2 248.6 24 -20.1 
Fuyun 2004/1/26 -4.5 193 250.7 24 -20.1 
Fuyun 2003/2/18 1.6 204.1 252.1 23 -14.7 
Fuyun 2003/2/21 -4.3 202.3 251.2 23 -14.7 
Fuyun 2003/12/2 -10.5 250.8 259.5 23 -19.0 
Fuyun 2003/12/11 -6.8 246 259.2 23 -19.0 
Fuyun 2003/12/12 -6.3 244.2 259.2 23 -19.0 
Fuyun 2003/12/13 -8.1 243.3 258.9 23 -19.0 
Fuyun 2003/12/22 -8.4 231.2 257.7 23 -19.0 
Fuyun 2004/1/3 -15 209.6 252.8 23 -20.1 
Fuyun 2004/1/4 -14.3 206.8 251.5 23 -20.1 
Fuyun 2004/1/5 -13.7 206.1 252.4 23 -20.1 
Fuyun 2004/1/6 -11.3 204.3 251.1 23 -20.1 
Fuyun 2004/1/7 -10.1 203.3 251.8 23 -20.1 
Fuyun 2004/1/8 -9.4 211.1 251.2 23 -20.1 
Fuyun 2004/1/9 -8.4 202.1 251.7 23 -20.1 
Fuyun 2004/1/10 -7 205.3 252.9 23 -20.1 
Fuyun 2004/1/11 -6.2 200.4 251.4 23 -20.1 
Fuyun 2004/1/12 -4.1 202.8 252.2 23 -20.1 
Fuyun 2004/1/13 -5.4 201.1 252.9 23 -20.1 
Fuyun 2004/1/27 -5.9 190.3 249.8 23 -20.1 
Fuyun 2003/2/19 -6.7 202.2 253.3 22 -14.7 
Fuyun 2003/2/20 -10 195.8 249.2 22 -14.7 
Fuyun 2003/2/22 -0.9 213.5 252 22 -14.7 
Fuyun 2003/3/12 -7.4 203.1 251.5 22 -6.7 
Fuyun 2004/12/20 -5.4 242 259.8 22 -15.1 
Fuyun 2004/12/21 -9.6 237.4 258.7 22 -15.1 
Fuyun 2004/12/22 -9.9 238 257.8 22 -15.1 
Fuyun 2002/12/17 -11.7 241 257.9 21 -18.1 
Fuyun 2003/1/1 -18.8 218.2 251.5 21 -16.2 
Fuyun 2003/3/13 -8.2 206.9 251.2 21 -6.7 
Fuyun 2002/12/16 -4.5 242.2 258.9 20 -18.1 
Fuyun 2002/12/18 -9.7 238.8 257.3 20 -18.1 
Fuyun 2002/12/19 -10.4 238.6 257.8 20 -18.1 
Fuyun 2002/12/20 -18.4 238.2 255.5 20 -18.1 
Fuyun 2002/12/21 -18.5 233.4 255 20 -18.1 
Fuyun 2002/12/22 -16.1 233.3 255 20 -18.1 
Fuyun 2002/12/23 -14.5 230.6 253.8 20 -18.1 
Fuyun 2002/12/31 -12.3 224.4 254.9 20 -18.1 
Fuyun 2003/1/2 -15.4 219.4 251.6 20 -16.2 
Fuyun 2003/1/13 -7.1 214 254.1 20 -16.2 
Fuyun 2004/12/17 -4.7 240.5 258.2 20 -15.1 
Fuyun 2002/12/24 -15.6 230.5 254.9 19 -18.1 
Fuyun 2002/12/25 -14 228 252.8 19 -18.1 
Fuyun 2002/12/26 -14.8 228.9 254 19 -18.1 
Fuyun 2002/12/28 -13.7 225.1 253.4 19 -18.1 
Fuyun 2002/12/29 -12.9 226.1 252.9 19 -18.1 
Fuyun 2002/12/30 -11.3 223.4 252.7 19 -18.1 
Fuyun 2003/1/3 -12.4 219.1 251.9 19 -16.2 
Fuyun 2003/1/4 -12.1 219.2 252.8 19 -16.2 
Fuyun 2003/1/5 -9.7 223.4 251.5 19 -16.2 
Fuyun 2003/1/6 -8.7 218.7 253.2 19 -16.2 
Fuyun 2003/1/14 -6.4 216.4 254.5 19 -16.2 
Fuyun 2003/1/15 -4.7 215.6 254.8 19 -16.2 
Fuyun 2003/1/7 -9.5 219.5 253.5 18 -16.2 
Fuyun 2003/1/8 -7.5 218.1 253.6 18 -16.2 
Fuyun 2003/1/9 -4.7 220.4 255 18 -16.2 
Fuyun 2003/1/10 -2.6 216.9 254.2 18 -16.2 
Fuyun 2003/1/11 -5.1 218.2 255.2 18 -16.2 
Fuyun 2003/3/14 -7.6 207.4 253.1 18 -6.7 
Fuyun 2004/3/11 -2 231 253.9 17 -5.2 
Fuyun 2004/12/8 -7.6 243.3 258.4 17 -15.1 
Fuyun 2003/11/27 -13.3 251.2 259.9 16 -7.8 
Fuyun 2004/12/10 -9.8 241 257.5 16 -15.1 
Fuyun 2004/12/11 -5.2 242.3 258.2 16 -15.1 
Fuyun 2002/12/3 -4.5 249.8 259.1 15 -18.1 
Fuyun 2002/12/4 -14 246.2 256 15 -18.1 
Fuyun 2003/3/15 -9.6 195.1 249.6 15 -6.7 
Fuyun 2004/12/12 -3.6 241.3 258.5 15 -15.1 
Fuyun 2002/11/30 -8.3 251 260.8 14 -4.2 
Fuyun 2002/12/6 -14.6 243.6 254.9 14 -18.1 
Fuyun 2002/12/7 -13.1 242.1 254.8 14 -18.1 
Fuyun 2002/12/8 -8.8 243.7 255 14 -18.1 
Fuyun 2002/12/9 -8.8 243.1 255.8 14 -18.1 
Fuyun 2002/12/10 -7.3 244.1 256.6 14 -18.1 
Fuyun 2002/12/12 -4.6 244.9 258 14 -18.1 
Fuyun 2002/12/14 -4.2 244.5 259.4 14 -18.1 
Fuyun 2002/12/15 -4.2 244.3 258.8 14 -18.1 
Fuyun 2003/3/16 -5.7 203.8 252.1 14 -6.7 
Fuyun 2004/3/10 -2.8 196.8 245.7 14 -5.2 
Fuyun 2004/12/13 -4.1 242.8 259.2 14 -15.1 
Fuyun 2004/3/15 -3.8 216.2 249.1 13 -5.2 
Fuyun 2004/12/5 -6.6 244.1 258.4 13 -15.1 
Fuyun 2004/12/6 -7.4 244.4 258.8 13 -15.1 
Fuyun 2004/12/7 -5.5 242.9 258.6 13 -15.1 
Fuyun 2004/3/13 4.3 250.5 261.5 12 -5.2 
Fuyun 2004/3/16 1.4 191.8 242.3 12 -5.2 
Fuyun 2004/3/17 5.1 216 248.1 11 -5.2 
Fuyun 2004/12/3 -1.4 247.1 260.3 10 -15.1 
Fuyun 2004/11/24 -0.4 249.8 260.6 7 -5.8 
Fuyun 2004/11/25 -1.6 249.4 259.6 7 -5.8 
Fuyun 2004/11/26 -2.1 246.7 257.9 7 -5.8 
Fuyun 2004/11/28 -1.7 247.9 259.3 7 -5.8 
Fuyun 2005/3/9 -1.5 218.8 254.8 1 -1.7 
Fuyun 2005/3/10 3.3 245.8 261.9 1 -1.7 
Qinghe 2003/1/20 -5 217.1 252.3 40 -19.6 
Qinghe 2003/1/24 -14.9 211.7 250 39 -19.6 
Qinghe 2003/1/22 -10.4 215.4 252.9 38 -19.6 
Qinghe 2003/1/23 -10.3 216.2 252.1 38 -19.6 
Qinghe 2003/1/25 -22.5 209.9 249 38 -19.6 
Qinghe 2003/1/26 -21.7 208.2 248.9 38 -19.6 
Qinghe 2003/1/27 -17 209.5 248.8 38 -19.6 
Qinghe 2005/2/23 -4.9 196.4 243.6 38 -21.7 
Qinghe 2005/2/24 -5.2 211.2 248.2 38 -21.7 
Qinghe 2003/1/17 -6.1 217.2 252.6 37 -19.6 
Qinghe 2005/2/25 -7.2 200.2 245.7 37 -21.7 
Qinghe 2005/2/26 -8.4 204.1 248 37 -21.7 
Qinghe 2005/2/28 -6.3 203 247 37 -21.7 
Qinghe 2003/1/29 -13.1 208.9 248.2 36 -19.6 
Qinghe 2003/1/30 -9.3 212.1 250.7 36 -19.6 
Qinghe 2003/1/31 -7.9 207.1 248.9 36 -19.6 
Qinghe 2003/2/1 -10.7 211 250.4 36 -16.6 
Qinghe 2003/2/2 -12.2 207.1 248.9 36 -16.6 
Qinghe 2005/3/1 -6.9 204.2 247.5 36 -3.9 
Qinghe 2005/3/2 -6.6 205 247.6 36 -3.9 
Qinghe 2005/3/3 -0.8 218.6 252.5 36 -3.9 
Qinghe 2005/3/4 5.6 236.6 257.3 36 -3.9 
Qinghe 2003/1/19 -6.6 219.6 253.3 35 -19.6 
Qinghe 2003/2/3 -6.6 214.5 251.9 35 -16.6 
Qinghe 2003/2/4 -5 211.1 250.4 35 -16.6 
Qinghe 2003/2/5 -6.2 210.1 251.5 35 -16.6 
Qinghe 2003/2/26 -4.9 216.7 252.5 35 -16.6 
Qinghe 2003/2/27 -10 201.2 248.2 35 -16.6 
Qinghe 2003/3/2 -8.6 202.9 247.9 35 -8.6 
Qinghe 2003/3/3 -5.7 209.2 250.7 35 -8.6 
Qinghe 2003/2/7 -4.5 204.8 248.4 34 -16.6 
Qinghe 2003/2/8 -9.3 203.7 248.3 34 -16.6 
Qinghe 2003/2/9 -14.4 198.3 246.1 34 -16.6 
Qinghe 2003/2/10 -14.9 200.2 246.2 34 -16.6 
Qinghe 2003/2/11 -11.1 198.4 245.9 34 -16.6 
Qinghe 2003/2/12 -9.4 202.8 248.2 34 -16.6 
Qinghe 2003/2/24 -9.3 206.8 249.7 34 -16.6 
Qinghe 2003/2/25 -7 199.6 248 34 -16.6 
Qinghe 2003/2/28 -4.3 211.1 250.3 34 -16.6 
Qinghe 2003/3/4 -7.4 195.5 245.9 34 -8.6 
Qinghe 2003/3/5 -6.1 209.5 249.6 34 -8.6 
Qinghe 2003/3/6 -8.3 198.3 245.5 34 -8.6 
Qinghe 2003/3/7 -9.6 205.6 248.9 34 -8.6 
Qinghe 2003/3/8 -7.6 197 245.4 34 -8.6 
Qinghe 2003/3/9 -3.4 190 243.4 34 -8.6 
Qinghe 2005/1/27 -25 197.9 243.1 34 -24.7 
Qinghe 2005/1/29 -22 196.6 242.8 34 -24.7 
Qinghe 2005/1/30 -20.6 198.1 243.4 34 -24.7 
Qinghe 2005/2/22 -6 198.6 244.5 34 -21.7 
Qinghe 2003/1/18 -5.6 217.6 252.8 33 -19.6 
Qinghe 2003/2/14 -5.8 200.1 246.6 33 -16.6 
Qinghe 2003/2/15 -4.1 205.5 249.2 33 -16.6 
Qinghe 2003/2/16 -4 208.1 250.5 33 -16.6 
Qinghe 2003/2/17 -3.5 214.1 252.7 33 -16.6 
Qinghe 2003/2/18 0 211.3 252.2 33 -16.6 
Qinghe 2003/3/11 -6.7 208.2 248.7 33 -8.6 
Qinghe 2003/3/12 -4.9 223.2 253.5 33 -8.6 
Qinghe 2004/3/15 -2.2 223.9 251 33 -8.2 
Qinghe 2005/1/31 -20.8 195.5 242.2 33 -24.7 
Qinghe 2005/2/1 -18.3 197.9 242.4 33 -21.7 
Qinghe 2005/2/3 -19.7 196.7 241.9 33 -21.7 
Qinghe 2005/2/4 -17.8 195.6 241.8 33 -21.7 
Qinghe 2005/2/5 -18 193.3 241.8 33 -21.7 
Qinghe 2005/2/6 -21.5 196.4 241.2 33 -21.7 
Qinghe 2005/2/7 -19.4 193.3 241.6 33 -21.7 
Qinghe 2005/2/8 -17.7 196.3 241.9 33 -21.7 
Qinghe 2005/2/9 -16.6 191.4 240.6 33 -21.7 
Qinghe 2005/2/10 -10.6 195.6 242.7 33 -21.7 
Qinghe 2005/2/12 -7.3 196.9 243.9 33 -21.7 
Qinghe 2005/2/21 -7.7 194.2 242.2 33 -21.7 
Qinghe 2003/3/13 -6.6 212.3 250.2 32 -8.6 
Qinghe 2003/3/14 -7.4 218.1 253 32 -8.6 
Qinghe 2003/3/15 -2.8 211.1 249.8 32 -8.6 
Qinghe 2003/3/16 -3.9 216.9 253 32 -8.6 
Qinghe 2003/3/18 -0.4 242.8 259.8 32 -8.6 
Qinghe 2005/1/3 -12.8 221.5 251.1 32 -24.7 
Qinghe 2005/1/4 -14.6 219.8 251.1 32 -24.7 
Qinghe 2005/1/5 -14.7 220.5 251.5 32 -24.7 
Qinghe 2005/1/22 -12 201.3 246.4 32 -24.7 
Qinghe 2005/1/23 -21.9 203.7 245.4 32 -24.7 
Qinghe 2005/1/24 -19.1 198.8 243.6 32 -24.7 
Qinghe 2005/1/25 -14.2 202.6 245.8 32 -24.7 
Qinghe 2005/2/13 -8.3 202.1 245.5 32 -21.7 
Qinghe 2005/2/14 -12.2 195.3 243.5 32 -21.7 
Qinghe 2003/2/21 -5 204.8 249 31 -16.6 
Qinghe 2003/2/23 -4.2 201.3 247.7 31 -16.6 
Qinghe 2004/3/16 -4.2 213 248.6 31 -8.2 
Qinghe 2004/11/8 -3.3 255.2 259.6 31 -10.8 
Qinghe 2005/1/6 -18.6 216.3 249.7 31 -24.7 
Qinghe 2005/1/7 -16.5 218 250.1 31 -24.7 
Qinghe 2005/1/8 -15.9 214.1 248.6 31 -24.7 
Qinghe 2005/1/9 -14 216.9 249.8 31 -24.7 
Qinghe 2005/2/15 -14.7 194.4 242.7 31 -21.7 
Qinghe 2005/2/16 -18.9 189 239.2 31 -21.7 
Qinghe 2005/2/17 -19.6 190.7 240.7 31 -21.7 
Qinghe 2005/2/19 -11.8 193.9 240.7 31 -21.7 
Qinghe 2005/2/20 -11.4 193.6 241.2 31 -21.7 
Qinghe 2003/2/19 -5.1 211.5 251.8 30 -16.6 
Qinghe 2003/2/20 -9.1 195.3 246.8 30 -16.6 
Qinghe 2004/2/12 -5.6 203.5 246.6 30 -16.0 
Qinghe 2004/2/13 -3 209.7 249.5 30 -16.0 
Qinghe 2004/2/14 -0.5 206.1 248.2 30 -16.0 
Qinghe 2005/1/11 -13.6 214.7 249.9 30 -24.7 
Qinghe 2005/1/12 -11.7 216.8 250.2 30 -24.7 
Qinghe 2005/1/13 -11.2 213.6 250.5 30 -24.7 
Qinghe 2005/1/14 -10.6 214.8 250.3 30 -24.7 
Qinghe 2005/1/15 -13.6 209.5 247.3 30 -24.7 
Qinghe 2005/3/5 2.7 245 260.9 30 -3.9 
Qinghe 2004/3/17 -0.9 221.3 250.6 29 -8.2 
Qinghe 2004/12/20 -4.1 235.5 255.8 29 -17.5 
Qinghe 2004/12/24 -13.8 228.2 252.6 29 -17.5 
Qinghe 2005/1/16 -13.3 210.7 249 29 -24.7 
Qinghe 2005/1/18 -12.7 209.1 248.2 29 -24.7 
Qinghe 2005/1/19 -13 205.7 248 29 -24.7 
Qinghe 2005/1/20 -12.3 205 247.6 29 -24.7 
Qinghe 2005/1/21 -11.6 205.8 245.7 29 -24.7 
Qinghe 2004/2/15 -4.1 203.4 247 28 -16.0 
Qinghe 2004/2/23 -8.7 198.7 244.5 28 -16.0 
Qinghe 2004/2/24 -5.2 202.5 246 28 -16.0 
Qinghe 2004/12/21 -10.9 232.4 254.7 28 -17.5 
Qinghe 2004/12/22 -14.5 232.1 254.1 28 -17.5 
Qinghe 2004/12/26 -21.2 224.8 250.8 28 -17.5 
Qinghe 2004/12/27 -18.7 224.6 250.3 28 -17.5 
Qinghe 2004/12/28 -19 223.4 250.8 28 -17.5 
Qinghe 2004/12/29 -21.7 222.8 249.9 28 -17.5 
Qinghe 2004/12/30 -18.1 220.1 249.8 28 -17.5 
Qinghe 2004/12/31 -16.2 221.2 249.1 28 -17.5 
Qinghe 2005/1/2 -13.4 220.4 249.4 28 -24.7 
Qinghe 2003/11/29 -9.3 249.8 256.9 27 -11.0 
Qinghe 2003/12/3 -10.9 247.2 256.1 27 -21.4 
Qinghe 2003/12/4 -14 246.7 256.5 27 -21.4 
Qinghe 2004/1/29 -9.9 199.4 245.2 27 -21.5 
Qinghe 2004/1/30 -15.5 198.2 244.5 27 -21.5 
Qinghe 2004/2/1 -19 198.1 243.6 27 -16.0 
Qinghe 2004/2/2 -15.8 198.1 243.2 27 -16.0 
Qinghe 2004/2/3 -17.5 196.8 242.5 27 -16.0 
Qinghe 2004/2/4 -11 201.1 244.7 27 -16.0 
Qinghe 2004/2/5 -10.9 199.6 244.7 27 -16.0 
Qinghe 2004/2/17 2.1 217.7 252.1 27 -16.0 
Qinghe 2004/2/26 0.2 220.7 252.6 27 -16.0 
Qinghe 2004/2/27 -2.2 219.9 252.5 27 -16.0 
Qinghe 2004/2/28 -4.6 208.5 248 27 -16.0 
Qinghe 2004/2/29 -8.8 208.8 249.1 27 -16.0 
Qinghe 2004/3/1 -7.6 202.4 245.9 27 -8.2 
Qinghe 2004/12/23 -10.4 229.7 253.4 27 -17.5 
Qinghe 2003/1/16 -4.4 222.3 252.5 26 -19.6 
Qinghe 2003/12/1 -17 246.3 255.5 26 -21.4 
Qinghe 2004/2/6 -7.8 205.4 246.9 26 -16.0 
Qinghe 2004/2/7 -5.9 200.2 244.7 26 -16.0 
Qinghe 2004/2/8 -5.3 206.7 247.8 26 -16.0 
Qinghe 2004/2/18 1.2 204.2 248.1 26 -16.0 
Qinghe 2004/2/19 -3.8 209.2 249.9 26 -16.0 
Qinghe 2004/3/2 -7.6 209.2 248.1 26 -8.2 
Qinghe 2004/3/4 -2 224.9 254.6 26 -8.2 
Qinghe 2004/3/11 -4.3 224.6 250.3 26 -8.2 
Qinghe 2003/11/30 -15.1 247.3 256.2 25 -11.0 
Qinghe 2003/12/2 -14.6 246.9 255.7 25 -21.4 
Qinghe 2003/12/6 -15.3 245.7 256.2 25 -21.4 
Qinghe 2003/12/8 -12.4 244.2 256.4 25 -21.4 
Qinghe 2004/1/28 -4.2 208.1 248.5 25 -21.5 
Qinghe 2004/2/10 -5.4 208.4 248.8 25 -16.0 
Qinghe 2004/2/11 -3.4 202.6 246.5 25 -16.0 
Qinghe 2004/2/20 -5.6 206.3 247.6 25 -16.0 
Qinghe 2004/2/21 -5.4 208.7 249.1 25 -16.0 
Qinghe 2004/2/22 -5 200.5 245 25 -16.0 
Qinghe 2004/3/5 -0.7 234.5 258.1 25 -8.2 
Qinghe 2004/3/6 0.5 240.7 260.4 25 -8.2 
Qinghe 2004/3/7 2.1 246.4 260.6 25 -8.2 
Qinghe 2004/3/9 1.1 216.3 249.9 25 -8.2 
Qinghe 2004/3/10 -3.7 204.9 245.3 25 -8.2 
Qinghe 2004/3/13 -1.4 232.1 254.8 25 -8.2 
Qinghe 2003/12/9 -8.5 244.8 256.8 24 -21.4 
Qinghe 2003/12/10 -9.4 243.5 256.8 24 -21.4 
Qinghe 2003/12/11 -6.5 243.5 257.8 24 -21.4 
Qinghe 2003/12/12 -7 242.8 256.3 24 -21.4 
Qinghe 2003/12/17 -13.6 232.8 254.5 24 -21.4 
Qinghe 2003/12/18 -13.8 232.5 252.9 24 -21.4 
Qinghe 2003/12/19 -14.2 232 253.3 24 -21.4 
Qinghe 2003/12/20 -12.9 231 254 24 -21.4 
Qinghe 2003/12/21 -13.2 228.6 252.6 24 -21.4 
Qinghe 2004/1/14 -12.6 208.6 250.3 24 -21.5 
Qinghe 2004/1/16 -14.5 203.8 246.7 24 -21.5 
Qinghe 2004/12/17 -13.8 234.2 255.2 24 -17.5 
Qinghe 2004/12/18 -8.6 233.6 254.8 24 -17.5 
Qinghe 2004/12/19 -1.9 235.8 255.9 24 -17.5 
Qinghe 2002/12/19 -12.6 234.6 253.8 23 -20.9 
Qinghe 2002/12/21 -15.5 231.4 252.3 23 -20.9 
Qinghe 2003/1/1 -18 216.9 247.6 23 -19.6 
Qinghe 2003/1/2 -19.3 217.6 248.1 23 -19.6 
Qinghe 2003/1/3 -15.2 219.1 249.7 23 -19.6 
Qinghe 2003/1/4 -13.6 219.1 250 23 -19.6 
Qinghe 2003/1/6 -10.1 219.5 251 23 -19.6 
Qinghe 2003/1/7 -10 219.1 250.8 23 -19.6 
Qinghe 2003/1/8 -11.4 217.9 251.2 23 -19.6 
Qinghe 2003/1/9 -7.4 220.8 252.8 23 -19.6 
Qinghe 2003/1/13 -9.4 214.8 251.7 23 -19.6 
Qinghe 2003/1/14 -11.3 212.1 250.4 23 -19.6 
Qinghe 2003/1/15 -4.6 216.8 252.9 23 -19.6 
Qinghe 2003/12/13 -9.3 239.9 255.7 23 -21.4 
Qinghe 2003/12/15 -18.5 235.1 253.7 23 -21.4 
Qinghe 2003/12/16 -17.2 234 254 23 -21.4 
Qinghe 2003/12/22 -12.3 229 253.3 23 -21.4 
Qinghe 2003/12/24 -15.4 225.8 252.2 23 -21.4 
Qinghe 2003/12/25 -9.8 227.4 253.3 23 -21.4 
Qinghe 2003/12/26 -11.3 223.8 252.1 23 -21.4 
Qinghe 2003/12/27 -14.8 221.8 252 23 -21.4 
Qinghe 2003/12/28 -14.5 219.8 250.3 23 -21.4 
Qinghe 2003/12/29 -9.5 221.6 251.8 23 -21.4 
Qinghe 2003/12/31 -13.5 216.7 250.3 23 -21.4 
Qinghe 2004/1/1 -16.4 216.3 250 23 -21.5 
Qinghe 2004/1/2 -15.7 213.9 249.1 23 -21.5 
Qinghe 2004/1/3 -16.8 214.4 248.5 23 -21.5 
Qinghe 2004/1/4 -16.4 211.7 248.6 23 -21.5 
Qinghe 2004/1/5 -14.9 212.7 248.8 23 -21.5 
Qinghe 2004/1/6 -14.8 211 249 23 -21.5 
Qinghe 2004/1/7 -12.4 211.6 249 23 -21.5 
Qinghe 2004/1/9 -9.6 208.4 248.8 23 -21.5 
Qinghe 2004/1/10 -8.8 214.2 249.9 23 -21.5 
Qinghe 2004/1/11 -9.5 208 248.6 23 -21.5 
Qinghe 2004/1/12 -6.5 210.1 249.5 23 -21.5 
Qinghe 2004/1/13 -9.5 208.8 249.2 23 -21.5 
Qinghe 2004/1/17 -12.9 206.3 247.4 23 -21.5 
Qinghe 2004/1/18 -13.3 203.8 247.1 23 -21.5 
Qinghe 2004/1/19 -12.5 204.7 246.9 23 -21.5 
Qinghe 2004/1/20 -9.4 203.6 247.2 23 -21.5 
Qinghe 2004/1/21 -11.6 205 247.9 23 -21.5 
Qinghe 2004/1/22 -9.3 201.7 246 23 -21.5 
Qinghe 2004/1/23 -8.5 204.5 248.2 23 -21.5 
Qinghe 2004/1/25 -8.3 202.4 246.4 23 -21.5 
Qinghe 2004/1/26 -6.8 207.2 247.9 23 -21.5 
Qinghe 2004/1/27 -7.4 202.4 246.8 23 -21.5 
Qinghe 2004/12/15 -2.9 241.8 256.8 23 -17.5 
Qinghe 2005/3/7 1.5 244.8 260.9 23 -3.9 
Qinghe 2002/12/16 -6.7 239.1 255.1 22 -20.9 
Qinghe 2002/12/17 -13.2 237.6 255.3 22 -20.9 
Qinghe 2002/12/22 -19.2 229.7 251.9 22 -20.9 
Qinghe 2002/12/23 -19.5 227 250.2 22 -20.9 
Qinghe 2002/12/24 -18 226.7 251.1 22 -20.9 
Qinghe 2002/12/25 -15.5 224.9 250.1 22 -20.9 
Qinghe 2002/12/26 -13.6 225.8 251.2 22 -20.9 
Qinghe 2003/1/10 -9.6 217.6 251.5 22 -19.6 
Qinghe 2003/1/11 -7.3 218.4 252 22 -19.6 
Qinghe 2002/12/18 -13.1 234.7 253.2 21 -20.9 
Qinghe 2002/12/28 -17 222.6 249.7 21 -20.9 
Qinghe 2002/12/29 -15.1 222.7 250.2 21 -20.9 
Qinghe 2002/12/30 -14 222.8 250.2 21 -20.9 
Qinghe 2002/12/31 -12.6 221.9 250.5 21 -20.9 
Qinghe 2002/12/3 -3.7 248.5 256.7 20 -20.9 
Qinghe 2003/11/26 -4.4 250.8 257.2 20 -11.0 
Qinghe 2004/11/10 -11 255.2 259.4 20 -10.8 
Qinghe 2005/3/9 -0.7 217.7 251.4 20 -3.9 
Qinghe 2003/11/27 -11.6 248.4 255.6 19 -11.0 
Qinghe 2004/3/20 0.6 248.2 261.5 19 -8.2 
Qinghe 2002/12/6 -22.2 242.4 253.2 18 -20.9 
Qinghe 2002/12/7 -20.6 241.3 252.4 18 -20.9 
Qinghe 2002/12/8 -14.8 242.3 253.2 18 -20.9 
Qinghe 2004/12/8 -6.7 237.3 255.6 18 -17.5 
Qinghe 2004/12/10 -9.7 235.6 254.1 18 -17.5 
Qinghe 2004/12/11 -8.7 235.8 254.4 18 -17.5 
Qinghe 2005/3/8 1 207.7 245 18 -3.9 
Qinghe 2005/3/10 -0.2 226.2 255 18 -3.9 
Qinghe 2002/12/9 -12.7 242 253.3 17 -20.9 
Qinghe 2002/12/10 -9.7 241.9 254.7 17 -20.9 
Qinghe 2002/12/12 -6.2 242.9 256.3 17 -20.9 
Qinghe 2002/12/13 -5.1 242.8 256.4 17 -20.9 
Qinghe 2002/12/14 -5.9 242.1 256.4 17 -20.9 
Qinghe 2002/12/15 -7.8 239.8 255.6 17 -20.9 
Qinghe 2004/11/11 -6.5 254.9 259.8 17 -10.8 
Qinghe 2004/12/5 -7.7 238 255 17 -17.5 
Qinghe 2004/12/6 -10 239.5 255.7 17 -17.5 
Qinghe 2004/12/7 -8 237 254.7 17 -17.5 
Qinghe 2004/12/12 -6 234.5 254.7 17 -17.5 
Qinghe 2004/12/13 -5.4 237.4 256.4 17 -17.5 
Qinghe 2004/12/14 -7 233.5 253.7 17 -17.5 
Qinghe 2005/3/13 -0.6 222.1 250.8 17 -3.9 
Qinghe 2004/12/2 -6.8 244.2 258.2 16 -17.5 
Qinghe 2004/12/3 -9.7 241.8 257.2 16 -17.5 
Qinghe 2005/3/11 1.6 215.7 249.9 16 -3.9 
Qinghe 2002/11/28 -13.8 251.4 258.4 15 -7.4 
Qinghe 2002/12/2 -2.3 250.8 258.8 15 -20.9 
Qinghe 2002/11/29 -12.3 251.5 258.4 14 -7.4 
Qinghe 2004/12/1 -2.6 245.5 256.2 14 -17.5 
Qinghe 2005/3/12 -3 197.2 241.3 14 -3.9 
Qinghe 2002/11/30 -11.2 249.6 258.2 13 -7.4 
Qinghe 2002/12/1 -6.4 251.5 258.8 13 -20.9 
Qinghe 2004/11/24 -5.2 246.7 257 13 -10.8 
Qinghe 2004/11/25 -6.7 245.8 258 13 -10.8 
Qinghe 2004/11/26 -7.7 245.1 257 13 -10.8 
Qinghe 2004/11/27 -4.5 245.5 256.2 13 -10.8 
Qinghe 2004/11/28 -5.8 243.6 256.3 13 -10.8 
Qinghe 2004/11/29 -2.7 244.5 257.4 13 -10.8 
Qinghe 2003/11/24 -3.4 251.9 257.5 12 -11.0 
Qinghe 2003/11/25 -6.4 251.7 257.9 12 -11.0 
Qinghe 2004/3/22 -0.4 238.4 257.2 12 -8.2 
Qinghe 2002/11/26 -7.4 252.7 259.1 11 -7.4 
Qinghe 2004/3/26 -0.3 233.5 253 10 -8.2 
Qinghe 2005/3/16 0.4 214.5 249 10 -3.9 
Qinghe 2003/11/18 -5 254.5 258.6 9 -11.0 
Qinghe 2005/3/17 3.3 239 257 9 -3.9 
Qinghe 2003/11/16 -3.5 255.3 258.8 8 -11.0 
Qinghe 2003/11/20 -11.5 251.6 256.7 8 -11.0 
Qinghe 2003/11/22 -1.9 253.9 259 8 -11.0 
Qinghe 2004/3/27 -3.1 247 260 4 -8.2 
Qinghe 2005/3/18 3.3 245 260.2 3 -3.9 
